; Configuration File for the Download of Planes
; Using getRawVelocity function, by provinding
; The lower box indexes and width to the download

[JHTDB]
authentication-token = com.gmail.jhelsas-b854269a
dataset = isotropic1024coarse
folder = data/jhtdbIsotropic1024Raw
t0 = 0.0
dt = 0.0
tf = 0.0
iT = 0
Tw = 1
Raw_iX = 0
Raw_iY = 0
Raw_iZ = 0
Raw_Xw = 1024
Raw_Yw = 1024
Raw_Zw = 32
x0 = 0.049087384375      
dx = 0.00613592304688
y0 = 0.0306796152344
dy = 0.00613592304688
z0 = 0.0122718460938
dz = 0.00613592304688
